0 0.904827058315
1 0.844327926636
2 0.770513236523
3 0.684547126293
4 0.587785243988
5 0.48175367713
6 0.368124544621
7 0.248689889908
8 0.125333234668
9 1.22464685259e-16
10 -0.125333234668
11 -0.248689889908
12 -0.368124544621
13 -0.48175367713
14 -0.587785243988
15 -0.684547126293
16 -0.770513236523
17 -0.844327926636
18 -0.904827058315
19 -0.951056540012
20 -0.982287228107
21 -0.99802672863
22 -0.99802672863
23 -0.982287228107
24 -0.951056540012
25 -0.904827058315
26 -0.844327926636
27 -0.770513236523
28 -0.684547126293
29 -0.587785243988
30 -0.48175367713
31 -0.368124544621
32 -0.248689889908
33 -0.125333234668
34 0.0
35 0.125333234668
36 0.248689889908
37 0.368124544621
38 0.48175367713
39 0.587785243988
40 0.684547126293
41 0.770513236523
42 0.844327926636
43 0.904827058315
44 0.951056540012
45 0.982287228107
46 0.99802672863
47 0.99802672863
48 0.982287228107
49 0.951056540012
50 0.904827058315
51 0.844327926636
52 0.770513236523
53 0.684547126293
54 0.587785243988
55 0.48175367713
56 0.368124544621
57 0.248689889908
58 0.125333234668
59 1.22464685259e-16
60 -0.125333234668
61 -0.248689889908
62 -0.368124544621
63 -0.48175367713
64 -0.587785243988
65 -0.684547126293
66 -0.770513236523
67 -0.844327926636
68 -0.904827058315
69 -0.951056540012
70 -0.982287228107
71 -0.99802672863
72 -0.99802672863
73 -0.982287228107
74 -0.951056540012
75 -0.904827058315
76 -0.844327926636
77 -0.770513236523
78 -0.684547126293
79 -0.587785243988
80 -0.48175367713
81 -0.368124544621
82 -0.248689889908
83 -0.125333234668
84 0.0
85 0.125333234668
86 0.248689889908
87 0.368124544621
88 0.48175367713
89 0.587785243988
90 0.684547126293
91 0.770513236523
92 0.844327926636
93 0.904827058315
94 0.951056540012
95 0.982287228107
96 0.99802672863
97 0.99802672863
98 0.982287228107
99 0.951056540012
