24 -0.951056540012
25 -0.889509916306
26 -0.835652470589
27 -0.771854043007
28 -0.696504592896
29 -0.608007490635
30 -0.505432426929
31 -0.389508068562
32 -0.263306945562
33 -0.131816878915
34 -0.000269204378128
35 0.127487570047
36 0.249342828989
37 0.364377945662
38 0.472378402948
39 0.573616504669
40 0.668537378311
41 0.757041215897
42 0.837503671646
43 0.906292676926
44 0.958731174469
45 0.991292238235
46 1.00321280956
47 0.996248722076
48 0.973265647888
49 0.936949968338
50 0.889162778854
51 0.830866932869
52 0.762133836746
53 0.682496786118
54 0.591272592545
55 0.487969428301
56 0.372707277536
57 0.246631413698
58 0.112330585718
59 -0.0258574783802
60 -0.161914378405
61 -0.289073050022
62 -0.402066588402
63 -0.499750763178
64 -0.586061775684
65 -0.668544888496
66 -0.754822134972
67 -0.846044421196
68 -0.928858280182
69 -0.982089877129
70 -0.999920129776
71 -0.992040276527
72 -0.968065857887
73 -0.933042407036
74 -0.888908863068
75 -0.835867762566
76 -0.773083925247
77 -0.699096798897
78 -0.612275719643
79 -0.511551380157
80 -0.397412002087
81 -0.272660911083
82 -0.142096415162
83 -0.0109323263168
84 0.116859823465
85 0.239020675421
86 0.354520648718
87 0.463063627481
88 0.564860701561
89 0.660336732864
90 0.749449014664
91 0.830711841583
92 0.900639057159
93 0.954569816589
94 0.988803982735
95 1.00233089924
96 0.996748328209
97 0.974898099899
98 0.939527630806
99 0.892585039139
